12-00-00_01-01-2000,-20.0,-65.0,18.7265,0.0000
12-00-00_01-01-2000,-20.0,-41.0,17.9729,0.0000
12-00-00_01-01-2000,-20.0,-18.0,6.07367,0.0000
12-00-00_01-01-2000,-20.0,0.0,5.13956,0.0000
12-00-00_01-01-2000,-20.0,27.0,4.95617,0.0000
12-00-00_01-01-2000,-20.0,50.0,3.47444,0.0000
12-00-00_01-01-2000,-20.0,73.0,3.69167,0.0000
12-00-00_01-01-2000,-20.0,96.0,3.39426,0.0000
12-00-00_01-01-2000,-20.0,120.0,3.1848,0.0000
12-00-00_01-01-2000,-14.7292,-65.0,18.6826,0.0000
12-00-00_01-01-2000,-14.7292,-41.0,17.8866,0.0000
12-00-00_01-01-2000,-14.7292,-18.0,5.61808,0.0000
12-00-00_01-01-2000,-14.7292,0.0,5.22572,0.0000
12-00-00_01-01-2000,-14.7292,27.0,4.80245,0.0000
12-00-00_01-01-2000,-14.7292,50.0,3.23963,0.0000
12-00-00_01-01-2000,-14.7292,73.0,3.42339,0.0000
12-00-00_01-01-2000,-14.7292,96.0,3.29121,0.0000
12-00-00_01-01-2000,-14.7292,120.0,2.91023,0.0000
12-00-00_01-01-2000,-9.4583,-65.0,18.6333,0.0000
12-00-00_01-01-2000,-9.4583,-41.0,6.87041,0.0000
12-00-00_01-01-2000,-9.4583,-18.0,5.35933,0.0000
12-00-00_01-01-2000,-9.4583,0.0,5.10382,0.0000
12-00-00_01-01-2000,-9.4583,27.0,4.14362,0.0000
12-00-00_01-01-2000,-9.4583,50.0,3.22087,0.0000
12-00-00_01-01-2000,-9.4583,73.0,3.23873,0.0000
12-00-00_01-01-2000,-9.4583,96.0,2.9307,0.0000
12-00-00_01-01-2000,-9.4583,120.0,20.0,0.0000
12-00-00_01-01-2000,-4.1875,-65.0,18.5722,0.0000
12-00-00_01-01-2000,-4.1875,-41.0,6.89236,0.0000
12-00-00_01-01-2000,-4.1875,-18.0,5.25886,0.0000
12-00-00_01-01-2000,-4.1875,0.0,5.02251,0.0000
12-00-00_01-01-2000,-4.1875,27.0,3.48245,0.0000
12-00-00_01-01-2000,-4.1875,50.0,3.07289,0.0000
12-00-00_01-01-2000,-4.1875,73.0,2.92819,0.0000
12-00-00_01-01-2000,-4.1875,96.0,3.66426,0.0000
12-00-00_01-01-2000,-4.1875,120.0,20.0,0.0000
12-00-00_01-01-2000,1.0833,-65.0,18.5056,0.0000
12-00-00_01-01-2000,1.0833,-41.0,6.93501,0.0000
12-00-00_01-01-2000,1.0833,-18.0,5.22916,0.0000
12-00-00_01-01-2000,1.0833,0.0,4.581,0.0000
12-00-00_01-01-2000,1.0833,27.0,2.43163,0.0000
12-00-00_01-01-2000,1.0833,50.0,3.22512,0.0000
12-00-00_01-01-2000,1.0833,73.0,3.79977,0.0000
12-00-00_01-01-2000,1.0833,96.0,20.0,0.0000
12-00-00_01-01-2000,1.0833,120.0,20.0,0.0000
12-00-00_01-01-2000,6.3542,-65.0,18.4265,0.0000
12-00-00_01-01-2000,6.3542,-41.0,6.72271,0.0000
12-00-00_01-01-2000,6.3542,-18.0,4.7699,0.0000
12-00-00_01-01-2000,6.3542,0.0,2.8575,0.0000
12-00-00_01-01-2000,6.3542,27.0,3.14425,0.0000
12-00-00_01-01-2000,6.3542,50.0,3.67602,0.0000
12-00-00_01-01-2000,6.3542,73.0,20.0,0.0000
12-00-00_01-01-2000,6.3542,96.0,20.0,0.0000
12-00-00_01-01-2000,6.3542,120.0,20.0,0.0000
12-00-00_01-01-2000,11.69,-65.0,18.3253,0.0000
12-00-00_01-01-2000,11.69,-41.0,6.06058,0.0000
12-00-00_01-01-2000,11.69,-18.0,4.12016,0.0000
12-00-00_01-01-2000,11.69,0.0,3.01227,0.0000
12-00-00_01-01-2000,11.69,27.0,3.83591,0.0000
12-00-00_01-01-2000,11.69,50.0,20.0,0.0000
12-00-00_01-01-2000,11.69,73.0,20.0,0.0000
12-00-00_01-01-2000,11.69,96.0,20.0,0.0000
12-00-00_01-01-2000,11.69,120.0,20.0,0.0000
12-00-00_01-01-2000,16.8959,-65.0,18.1967,0.0000
12-00-00_01-01-2000,16.8959,-41.0,5.73298,0.0000
12-00-00_01-01-2000,16.8959,-18.0,6.91277,0.0000
12-00-00_01-01-2000,16.8959,0.0,4.03014,0.0000
12-00-00_01-01-2000,16.8959,27.0,20.0,0.0000
12-00-00_01-01-2000,16.8959,50.0,20.0,0.0000
12-00-00_01-01-2000,16.8959,73.0,20.0,0.0000
12-00-00_01-01-2000,16.8959,96.0,20.0,0.0000
12-00-00_01-01-2000,16.8959,120.0,11.9115,0.0000
12-00-00_01-01-2000,22.1667,-65.0,18.0079,0.0000
12-00-00_01-01-2000,22.1667,-41.0,4.09199,0.0000
12-00-00_01-01-2000,22.1667,-18.0,13.5081,0.0000
12-00-00_01-01-2000,22.1667,0.0,19.1313,0.0000
12-00-00_01-01-2000,22.1667,27.0,20.0,0.0000
12-00-00_01-01-2000,22.1667,50.0,20.0,0.0000
12-00-00_01-01-2000,22.1667,73.0,20.0,0.0000
12-00-00_01-01-2000,22.1667,96.0,20.0,0.0000
12-00-00_01-01-2000,22.1667,120.0,12.1986,0.0000